RESPID,DEVICETYPE,Q7_B - How Often Read National Newspaper,Q11_A - Artificial Intelligence Replacing People in the Workforce,Q11_B - Fear Technology I don't Understand,Q11_Fear Cyberterrorism,PEDUCATION,PGENDER,PRACE,PREGION,I_GENDER,I_AGE,I_MARITAL,I_REGION,I_RELIGION,LENGTH,AGE
3,1,5,1,3,2,2,2,1,2,2,4,2,2,1,9.23,66
5,1,1,3,3,3,4,1,1,3,1,4,2,3,1,8.65,74
6,1,6,1,2,2,2,2,1,3,2,4,3,3,4,15.6,73
8,1,1,4,4,1,4,2,1,4,2,4,3,4,4,21.45,70
9,1,6,4,4,3,3,1,5,4,1,3,1,4,3,15.58,53
11,1,1,3,4,3,2,1,1,3,1,4,2,3,1,13.87,66
12,1,6,4,4,4,4,1,1,3,1,2,1,3,4,7.78,32
14,4,6,4,4,4,3,1,1,4,1,2,2,4,1,11.47,45
15,1,1,4,3,1,4,1,1,4,1,3,2,4,1,12.43,62
17,2,1,2,3,3,4,1,1,2,1,4,2,2,2,32.97,68
19,2,2,3,4,4,4,2,3,3,2,1,1,3,4,9.27,22
20,2,6,4,4,3,3,1,1,1,1,2,2,1,2,13.6,47
21,4,6,3,3,3,1,1,1,2,1,3,2,2,4,14.2,60
22,4,2,1,4,2,4,1,2,3,1,2,1,3,4,11.35,37
23,4,6,3,3,3,2,1,1,4,1,4,2,4,1,20.8,71
24,2,1,1,1,1,4,1,1,2,1,3,3,2,1,13.75,56
25,2,6,3,3,2,3,1,1,4,1,4,2,4,1,14.17,72
27,2,6,1,2,1,3,2,1,3,2,3,3,3,1,23.35,59
28,2,6,4,4,2,4,1,1,4,1,2,2,4,3,10.08,46
30,2,5,3,4,3,4,2,2,2,2,2,2,2,4,10.35,42
31,4,3,1,1,1,4,2,6,1,2,2,1,1,4,8.75,34
34,1,6,3,4,3,2,2,1,2,2,3,2,2,1,16.98,60
36,4,4,4,3,2,2,2,1,2,2,2,3,2,1,26.28,46
42,1,6,3,2,1,2,1,1,2,1,3,3,2,1,19.02,56
43,4,4,1,2,1,3,1,1,3,1,3,2,3,1,13.88,63
45,2,6,2,3,1,3,1,1,3,1,4,3,3,1,10.57,67
46,4,2,3,3,1,4,1,1,3,1,4,2,3,4,18.9,77
49,2,3,2,2,2,4,2,3,3,2,3,2,3,2,9.7,64
50,1,4,3,3,4,4,1,3,4,1,2,2,4,1,35.57,32
51,2,6,1,2,1,3,2,1,3,2,1,1,3,1,12.4,25
54,1,2,2,2,2,3,1,1,2,1,4,2,2,2,17.05,84
56,2,4,3,3,3,3,2,2,3,2,1,1,3,3,8.6,25
60,1,6,1,3,3,3,2,1,1,2,3,1,1,2,13.4,60
61,2,3,1,3,1,1,2,5,4,2,2,1,4,1,55.32,46
62,2,6,1,1,1,3,2,1,3,2,2,1,3,2,10.78,36
67,2,1,3,4,3,4,2,1,4,2,2,2,4,4,8.95,32
71,1,1,3,3,2,2,1,1,2,1,4,3,2,2,17.57,86
72,1,6,3,4,3,2,2,1,2,2,4,3,2,1,19.43,77
73,1,4,4,4,4,2,1,1,1,1,3,3,1,2,10.75,63
79,2,4,4,4,2,4,2,1,2,2,2,2,2,1,27.43,48
86,1,4,3,4,3,4,1,1,1,1,3,2,1,1,15.02,61
93,1,3,4,4,3,4,1,6,4,1,2,2,4,2,11.05,38
95,1,4,4,2,2,4,1,1,4,1,4,2,4,1,16.42,70
96,4,6,4,4,3,2,1,1,3,1,1,2,3,1,10.3,24
98,2,5,3,3,4,4,1,2,1,1,2,2,1,1,7.1,41
101,2,5,3,3,3,3,2,6,1,2,1,1,1,4,10,22
106,1,6,2,4,2,2,2,1,4,2,4,2,4,1,38.73,82
107,1,3,4,4,2,3,2,1,3,2,2,1,3,3,11.92,48
108,1,6,3,3,3,4,2,1,3,2,3,2,3,1,17.45,51
110,2,6,1,1,1,2,2,2,2,2,4,3,2,1,13.92,69
113,2,6,1,4,3,4,2,1,3,2,2,2,3,2,10.1,44
116,2,6,1,2,3,3,2,1,3,2,3,1,3,3,11.58,51
129,4,1,2,2,1,2,2,5,3,2,2,2,3,4,6.35,37
133,2,6,1,2,2,2,2,3,3,2,1,2,3,3,27.62,26
134,4,6,3,3,1,3,2,3,3,2,2,2,3,3,20.13,46
139,2,3,3,3,3,4,1,1,2,1,1,1,2,4,12.1,26
140,2,6,1,2,1,4,2,1,2,2,4,3,2,2,18.63,67
141,4,6,1,4,1,3,2,5,1,2,2,2,1,4,8.02,30
144,1,6,3,4,4,4,2,1,2,2,1,2,2,1,11.53,28
145,4,6,1,4,4,3,1,5,3,1,2,2,3,4,10.25,40
146,1,6,1,4,4,3,2,1,2,2,3,3,2,4,13.42,58
148,2,5,3,4,3,1,1,3,4,1,1,1,4,4,22.53,27
149,4,6,1,2,2,2,1,2,3,1,2,2,3,1,14.43,43
155,4,5,2,4,1,2,1,1,3,,2,1,3,4,29.1,46
156,4,5,1,2,1,2,1,1,1,1,4,2,1,4,9.35,70
160,2,6,4,4,4,1,2,1,2,2,2,1,2,4,14.92,30
162,1,6,1,2,1,1,2,1,4,2,3,2,4,,9.78,60
166,1,1,1,3,2,4,2,1,3,2,2,2,3,4,10.13,49
167,4,4,2,3,3,4,2,1,3,2,2,2,3,2,6.3,38
169,1,3,3,4,3,4,1,6,2,1,2,1,2,4,11.58,35
170,1,5,4,4,4,4,1,1,3,1,4,2,3,2,17.27,82
171,2,4,3,2,1,3,2,1,1,2,1,1,1,4,6.22,29
172,2,6,1,4,1,4,2,1,3,2,4,3,3,2,21.35,74
173,1,6,4,4,4,4,1,1,4,1,1,1,4,4,10.47,25
175,1,6,3,3,2,4,2,1,1,2,1,2,1,1,10.02,27
176,1,5,3,4,3,3,2,1,1,2,4,1,1,2,11.57,65
177,1,5,2,3,2,3,2,3,3,2,4,2,3,2,10.53,68
179,4,6,3,4,3,2,2,1,2,2,4,2,2,3,10.8,71
181,2,3,1,4,1,1,1,1,3,1,1,1,3,4,11.55,26
182,4,3,1,1,1,2,2,2,3,2,2,1,3,1,14.82,34
183,2,6,1,4,2,2,1,1,2,1,2,2,2,1,10.85,44
184,4,6,1,3,2,2,1,5,4,1,1,3,4,3,8.42,29
185,1,4,3,3,2,4,1,1,2,1,4,2,2,4,12.6,68
187,4,2,1,1,1,3,1,6,4,1,3,1,4,3,13.82,62
189,1,1,3,4,3,4,1,1,4,1,4,2,4,4,22.15,80
190,4,6,2,3,3,2,2,2,4,2,2,2,4,3,19.85,40
191,4,6,3,3,2,4,2,3,2,2,2,2,2,2,13.25,42
192,1,6,3,3,2,3,2,1,4,2,3,2,4,4,18.05,56
194,2,4,3,4,2,2,2,1,1,2,1,1,1,2,14.93,29
196,2,6,1,3,1,4,2,1,1,2,4,3,1,2,12.62,71
197,2,5,1,1,1,4,1,1,3,1,3,2,3,2,17.32,60
199,2,6,3,2,2,2,2,3,2,2,2,1,2,2,13.37,33
201,2,6,3,3,2,2,2,1,3,2,3,2,3,3,10.42,55
204,1,3,3,4,3,4,1,6,1,1,1,1,1,3,6.53,27
207,1,2,4,4,2,4,1,1,1,1,2,2,1,4,9,43
209,4,6,2,3,1,2,1,1,1,1,4,2,1,3,15.87,68
210,1,6,4,4,1,4,2,1,4,2,1,1,4,3,20.23,24
212,4,6,1,3,1,3,2,2,3,2,4,1,3,3,15.67,65
218,2,4,3,4,2,2,999,999,4,2,,,4,,16.78,99
222,4,6,2,2,1,2,2,1,4,2,4,2,4,1,13.77,65
226,1,2,4,4,3,2,1,1,4,1,3,3,4,2,8.38,55
228,2,1,2,4,4,4,2,2,1,2,4,3,1,3,11.88,65
229,2,6,3,3,2,2,1,5,1,1,1,1,1,2,7.68,29
232,1,1,4,4,3,4,1,1,3,1,3,2,3,2,8.55,62
233,2,5,3,3,2,2,2,1,3,2,3,2,3,2,17.15,59
235,4,3,2,2,1,999,2,2,3,2,2,1,3,1,5,34
239,2,6,3,2,2,4,1,1,3,1,4,1,3,2,29.37,83
242,2,6,1,3,1,2,1,1,1,1,4,2,1,3,10.9,73
243,1,4,3,3,2,3,1,1,3,1,4,2,3,1,15.32,69
244,1,3,3,4,3,4,2,2,1,2,2,2,1,1,11.58,47
245,4,1,4,4,3,4,1,1,2,1,4,2,2,4,15.27,65
246,4,6,2,3,2,2,1,1,2,1,3,2,2,2,28.65,64
247,2,3,2,2,1,4,2,2,3,2,4,3,3,2,15.17,70
249,2,1,3,4,3,4,1,1,2,1,4,2,2,1,22.55,68
250,1,6,4,4,3,4,1,1,2,1,1,1,2,1,6.13,28
251,1,6,1,3,1,1,2,1,3,2,3,3,3,1,13.98,59
252,2,6,4,4,2,3,2,1,1,2,3,1,1,3,15.07,51
254,2,4,3,3,2,4,2,1,1,2,2,1,1,2,21.58,48
256,2,6,3,3,3,1,1,1,3,1,4,2,3,1,14.52,73
258,2,6,4,4,3,4,2,1,2,2,2,2,2,4,9.57,42
260,1,6,2,2,2,3,2,1,2,2,3,2,2,1,14.6,55
263,4,6,3,4,1,4,1,1,1,1,2,2,1,4,14.82,37
265,2,6,2,2,2,3,2,1,1,2,3,3,1,2,15.03,57
270,1,5,3,3,3,4,2,6,4,2,2,1,4,4,37.4,33
271,2,6,3,4,3,4,2,1,3,2,1,1,3,4,10.32,26
272,1,6,4,2,3,3,1,1,4,1,4,2,4,3,12.73,68
273,4,5,4,4,3,3,1,1,2,1,2,1,2,4,10.4,32
274,4,5,3,4,4,4,1,2,3,1,2,3,3,3,8.7,42
277,2,4,3,4,2,3,2,1,3,2,2,2,3,4,14.72,36
279,1,5,3,4,4,1,1,1,4,1,2,1,4,4,14.28,44
281,4,6,1,1,2,2,1,1,3,1,2,3,3,1,15.47,38
282,4,5,3,3,3,4,2,1,3,2,4,2,3,1,17.25,68
283,4,6,1,4,3,3,1,1,3,1,3,2,3,2,19.4,56
284,2,6,2,3,1,4,2,1,4,2,3,2,4,3,26,61
285,4,4,2,4,2,3,2,1,2,2,2,1,2,4,36.27,36
286,1,2,3,3,3,3,2,1,4,2,4,2,4,3,12.5,65
289,2,6,1,3,1,3,2,1,4,2,4,2,4,4,9.63,71
290,4,5,2,3,2,3,1,1,3,1,3,2,3,1,13.22,55
291,2,3,2,3,3,4,2,3,4,2,2,2,4,2,12.77,43
294,1,1,3,4,3,3,1,2,1,1,3,2,1,4,10.82,63
301,1,6,1,3,1,2,1,1,1,1,2,2,1,2,23.48,47
305,1,6,3,3,3,4,1,1,4,1,4,1,4,4,18.38,87
306,2,6,1,3,1,2,1,1,1,1,3,2,1,2,8.53,62
307,1,4,2,2,2,4,1,1,1,1,3,3,1,1,10.75,61
309,1,6,4,4,4,2,2,1,4,2,3,2,4,3,11.95,56
310,4,6,3,3,2,2,2,3,4,2,2,2,4,4,10.55,44
312,6,6,4,4,2,3,2,1,3,2,3,2,3,1,17.12,57
313,2,1,2,2,2,4,1,1,2,1,4,2,2,1,24.02,78
314,1,5,3,3,3,3,1,1,4,1,4,2,4,3,22.13,68
320,1,6,2,1,1,3,2,1,2,2,4,1,2,1,17.25,70
321,2,3,4,4,3,1,2,1,2,2,2,2,2,3,13.92,32
324,4,4,3,3,3,4,2,1,3,2,2,1,3,2,8.87,36
327,4,3,1,3,1,2,2,5,4,2,2,1,4,2,11.15,33
333,2,5,2,3,2,4,1,1,3,1,4,2,3,2,74.35,75
334,2,5,4,4,4,4,2,1,3,2,2,2,3,1,7.62,37
335,4,3,4,4,4,2,1,1,2,1,1,1,2,3,12.42,26
338,1,6,2,2,1,2,2,1,3,2,3,2,3,1,14,58
340,4,5,3,4,4,2,1,1,2,1,2,1,2,,11.87,31
341,2,5,4,3,2,4,2,2,3,2,4,2,3,1,23.43,65
342,2,3,4,4,4,3,2,1,3,2,4,3,3,1,15.28,67
343,4,4,1,3,3,2,1,1,1,1,3,2,1,1,22.43,55
344,1,6,1,1,1,4,2,6,2,2,2,2,2,4,6.88,36
345,1,2,3,3,2,4,1,2,1,1,4,2,1,1,17.88,78
346,1,3,3,4,2,4,1,6,1,1,2,2,1,3,23.85,44
347,1,5,3,4,2,4,1,1,2,1,4,2,2,1,19.87,83
348,4,6,2,4,1,2,1,2,1,1,2,3,1,4,15.77,46
350,1,6,4,4,3,4,2,1,4,2,2,2,4,4,13.02,48
351,2,3,3,3,3,4,1,1,3,1,2,2,3,4,10.32,36
352,1,6,3,4,4,4,1,1,3,1,2,2,3,1,7.63,39
356,4,4,2,4,3,3,2,1,2,2,2,2,2,4,14.52,35
357,4,3,1,3,1,3,1,2,3,1,2,3,3,4,7.85,30
359,4,6,1,2,1,4,2,1,3,2,3,2,3,1,14.13,64
360,4,6,2,1,1,2,2,1,4,2,2,1,4,1,15.65,48
364,1,3,3,2,2,4,2,3,1,2,3,2,1,2,39.73,62
370,2,6,1,2,1,3,2,5,3,2,2,1,3,4,27.58,42
374,4,6,2,3,2,4,1,1,4,1,2,3,4,1,13.97,40
375,2,5,2,3,2,3,1,2,3,1,2,3,3,4,11.25,30
376,2,4,4,4,3,2,1,1,1,1,2,3,1,3,9.85,48
377,1,6,3,2,3,4,1,6,1,1,1,1,1,4,7.73,28
378,1,1,4,3,2,4,1,1,1,1,4,3,1,4,13.97,82
379,1,5,4,4,3,2,2,1,2,2,3,3,2,1,8.9,51
380,2,5,1,2,1,2,2,3,1,2,3,2,1,2,7.3,56
384,2,6,2,2,2,4,2,3,3,2,3,3,3,3,13.05,51
388,2,5,2,3,2,4,1,3,3,1,2,2,3,2,12.5,42
389,4,6,4,3,4,2,2,2,3,2,4,3,3,1,37.63,71
390,1,6,4,4,3,4,2,1,3,2,4,3,3,2,11.33,68
391,1,4,3,3,2,3,1,1,4,1,3,2,4,4,18.55,64
392,2,6,2,4,2,2,2,3,3,2,4,1,3,2,18.2,67
396,1,6,3,4,2,3,2,1,2,2,3,3,2,4,11.47,56
397,4,6,4,4,2,2,1,1,3,1,3,3,3,1,13.47,60
399,1,4,2,4,1,3,1,3,4,1,3,2,4,2,18.07,53
400,1,6,4,4,2,1,1,1,3,1,2,1,3,4,14.3,47
401,4,6,4,4,1,2,2,3,2,2,3,3,2,2,16.07,58
402,1,6,4,2,2,2,2,1,3,2,4,2,3,1,19.27,82
403,2,5,2,4,1,4,2,1,1,2,4,2,1,3,22.38,65
404,2,3,2,2,2,3,1,1,2,1,3,2,2,2,7.38,54
405,1,1,3,4,1,4,1,1,2,1,4,2,2,1,16.8,70
407,1,6,4,4,3,3,1,1,4,1,4,2,4,1,25.93,67
409,1,5,2,3,2,2,1,1,4,1,3,1,4,4,18.68,63
415,4,6,1,2,1,2,2,1,3,2,2,1,3,3,10.97,31
416,1,5,3,3,3,4,1,1,2,1,1,1,2,1,9.03,22
417,1,6,2,4,2,4,1,2,4,1,3,1,4,3,17,58
420,1,6,2,3,2,2,2,1,2,2,3,2,2,4,13.88,56
424,2,6,3,3,2,2,1,1,3,1,3,2,3,4,21.25,63
426,4,6,4,4,1,3,1,2,2,1,2,1,2,3,13.25,36
427,2,6,2,4,3,2,1,1,1,1,3,2,1,2,11.93,59
428,1,6,3,4,4,3,2,1,3,2,3,2,3,1,13.4,54
432,1,5,3,4,3,2,1,2,3,1,4,3,3,1,39.78,70
434,1,3,2,4,3,4,1,1,1,1,4,2,1,1,16.92,70
437,2,3,4,4,3,4,2,1,3,2,2,1,3,1,17.5,41
438,2,6,4,4,3,2,1,1,2,1,4,2,2,1,52.33,68
441,1,6,2,2,2,3,2,3,1,2,3,2,1,1,14.8,59
442,4,6,4,4,2,3,1,5,3,1,2,1,3,2,7.73,38
443,1,5,1,3,1,2,1,1,1,1,4,2,1,1,22.37,73
444,1,3,4,3,1,4,2,6,1,2,2,2,1,4,10.47,44
446,4,4,2,3,1,2,1,1,2,1,2,1,2,4,8.73,39
447,4,6,4,3,4,4,1,1,3,1,4,2,3,2,12.38,72
449,2,6,4,4,4,3,2,2,3,2,2,1,3,1,8.68,38
453,1,3,3,3,2,4,1,1,4,1,4,2,4,3,24.25,78
454,4,6,3,3,4,2,1,1,3,1,2,1,3,1,28.03,33
455,2,6,2,2,2,3,1,1,3,1,4,3,3,4,14.43,67
457,2,5,4,4,3,4,2,6,3,2,2,2,3,4,13,37
459,1,4,2,4,1,3,2,5,4,2,3,2,4,1,19.23,50
461,1,1,4,4,2,4,2,1,3,2,4,3,3,4,16.88,66
462,2,3,2,3,2,4,2,1,3,2,3,1,3,1,12.37,55
466,4,5,2,2,2,2,1,1,2,1,3,1,2,1,11.15,59
467,2,6,3,4,3,2,2,1,1,2,3,2,1,1,11.35,57
468,2,5,2,2,2,2,1,1,2,1,3,3,2,1,15.15,57
469,1,6,4,4,3,2,2,1,4,2,4,3,4,4,35.82,71
470,1,3,4,4,3,4,1,6,4,1,2,2,4,4,11.22,39
471,4,6,2,3,1,2,2,1,2,2,3,3,2,1,21.23,62
473,4,6,1,2,2,3,2,1,3,2,3,3,3,2,11.88,55
475,1,5,3,3,2,2,2,3,3,2,2,2,3,2,8.13,37
478,2,3,4,4,3,2,1,5,3,1,2,1,3,2,7.87,30
480,2,2,1,3,2,4,2,2,2,2,2,1,2,3,33.98,43
482,1,6,2,3,1,2,2,2,3,2,4,3,3,1,17.13,79
483,1,5,2,2,2,2,1,7,4,1,4,2,4,3,12.87,68
485,4,3,3,3,3,3,2,1,4,2,3,3,4,4,12.32,53
486,2,3,2,3,3,4,2,1,2,2,2,2,2,2,12.6,37
490,2,6,1,3,2,3,2,1,4,,1,1,4,3,9.82,27
492,4,5,3,4,3,4,1,5,1,1,1,1,1,2,8.63,28
494,4,6,2,4,2,3,1,3,3,1,1,1,3,2,9.32,26
495,2,6,1,4,3,3,2,3,3,2,1,2,3,4,13.35,29
497,1,6,2,2,2,2,1,1,1,1,3,3,1,1,15.68,59
500,1,6,2,3,2,4,1,2,3,1,4,3,3,1,20.78,66
502,1,6,3,4,3,3,1,1,3,1,4,2,3,4,14.98,66
505,1,1,1,1,1,4,1,3,3,1,1,1,3,3,5.23,24
506,2,5,1,3,3,2,2,1,1,2,1,1,1,3,17.5,24
510,4,3,1,1,1,4,2,5,4,2,2,1,4,1,9.75,33
511,1,6,3,3,3,3,1,3,3,1,2,2,3,3,10.75,45
512,2,6,4,3,4,4,2,1,1,2,2,2,1,2,5.9,37
514,4,5,4,4,4,3,2,1,2,2,3,3,2,1,9,57
515,1,1,2,3,1,4,2,1,4,2,4,2,4,4,13.87,70
518,2,3,4,3,4,2,1,6,1,1,1,1,1,4,29.28,99
520,1,5,3,3,2,4,1,1,1,1,4,2,1,4,14.58,77
521,2,4,3,3,1,1,2,5,2,2,1,1,2,2,12.37,26
522,4,4,1,2,2,4,3,1,3,,2,2,3,4,8.6,33
523,2,6,4,4,3,4,2,1,2,2,3,2,2,2,12.25,64
524,4,6,3,3,3,2,1,1,4,1,4,2,4,4,24.33,79
525,4,5,3,4,2,2,1,2,3,1,2,2,3,1,29.25,40
527,1,6,2,2,1,4,1,1,3,1,4,1,3,2,21.2,72
529,1,5,2,3,1,4,2,1,2,2,4,3,2,2,13.53,71
530,1,6,2,2,1,3,1,1,2,1,4,2,2,4,15.02,74
531,1,5,2,3,3,4,1,1,1,1,2,1,1,2,9.03,33
532,2,5,1,3,3,3,2,1,3,2,4,2,3,1,12.57,68
536,2,1,4,4,2,4,2,999,2,2,4,2,2,3,14.03,69
538,1,5,3,3,2,4,1,1,2,1,4,2,2,3,23.53,87
540,1,4,1,3,3,4,1,6,4,1,3,3,4,4,8.83,52
544,2,6,3,4,3,3,1,1,1,1,2,2,1,2,22.38,42
545,4,5,3,4,2,4,2,1,2,2,2,3,2,4,15.53,48
551,1,6,3,1,3,4,2,1,1,2,2,1,1,2,11.32,37
556,4,6,1,3,1,2,1,1,3,1,4,3,3,4,9.47,66
558,4,6,1,2,3,2,2,5,4,2,1,1,4,4,19.78,20
565,1,6,2,3,2,2,2,1,2,2,4,3,2,2,23.52,69
568,1,3,1,1,1,3,1,1,2,1,4,2,2,2,15.47,74
569,1,6,4,4,4,3,1,2,3,1,3,3,3,3,19.83,55
571,1,6,2,1,2,2,2,1,1,2,4,2,1,2,20.27,72
572,4,6,1,4,3,3,2,2,2,2,1,1,2,1,21.3,19
573,4,3,2,3,1,4,2,1,4,2,3,1,4,4,8.15,57
575,4,2,1,4,1,4,2,1,1,2,1,1,1,4,11.62,23
576,4,6,1,2,1,2,1,3,4,1,3,1,4,4,13.62,60
577,4,5,3,4,3,2,2,1,3,2,4,3,3,2,15,76
578,4,4,4,3,3,4,1,1,4,1,3,2,4,1,14.23,55
582,2,5,3,3,3,3,2,3,3,2,1,2,3,2,24.68,27
583,4,4,3,4,3,2,2,2,3,2,2,2,3,1,11.7,36
584,2,6,3,4,3,2,2,1,2,2,4,3,2,4,18.68,70
594,4,3,3,3,3,3,2,5,4,2,1,1,4,2,8.35,25
596,4,5,1,4,1,4,2,1,4,2,2,1,4,1,5.55,30
599,1,6,1,2,3,3,2,5,4,2,4,1,4,2,21.07,66
602,1,6,1,2,1,2,2,1,3,2,4,3,3,1,9.8,66
603,2,6,3,2,3,4,2,1,2,2,1,1,2,2,13.73,20
607,1,4,2,3,2,4,2,2,3,2,2,1,3,4,19.58,31
609,1,6,3,3,2,4,2,1,4,2,4,2,4,4,10.28,68
610,2,6,3,4,2,4,2,1,1,2,3,3,1,2,12.43,58
611,2,5,4,4,4,3,2,2,3,2,1,1,3,4,13.83,25
612,1,6,3,4,3,4,2,1,3,2,2,1,3,4,21.23,47
613,4,6,1,1,1,2,2,2,2,2,1,2,2,4,9.73,27
614,8,3,3,3,2,2,1,1,3,1,3,2,3,3,14.38,64
615,2,6,4,4,4,4,1,1,3,1,1,1,3,1,32.12,24
616,1,6,4,4,3,4,1,2,2,2,2,2,2,1,6.73,47
618,4,3,1,1,1,2,1,1,1,2,2,3,1,2,14.5,44
620,1,6,4,4,4,2,2,1,3,2,4,3,3,4,8.38,70
622,4,2,3,4,3,4,1,1,2,1,2,2,2,4,16.43,35
623,2,6,4,4,4,2,2,4,1,2,3,3,1,4,22.98,61
625,2,2,2,2,2,2,2,5,4,2,1,1,4,3,3.6,29
626,1,5,2,3,3,4,1,1,1,1,4,2,1,4,13.53,73
627,2,6,2,2,1,4,1,1,2,1,4,3,2,4,17.07,67
628,4,5,3,3,4,3,1,1,3,1,3,2,3,4,21.77,54
630,1,6,3,3,2,999,1,3,4,1,4,2,4,2,18.03,68
631,4,1,2,2,2,4,2,6,3,2,2,2,3,3,4.82,41
633,4,3,2,3,1,3,1,1,2,1,3,3,2,3,18.58,63
634,2,4,2,3,1,4,2,1,1,2,1,1,1,4,8.38,27
638,6,6,2,3,2,2,2,1,1,2,3,1,1,1,22.72,60
640,2,6,1,3,1,1,2,9,1,2,2,2,1,2,13.6,46
641,1,6,2,2,1,4,2,6,4,2,4,3,4,2,16.82,75
642,2,6,4,4,2,4,1,5,4,1,4,2,4,2,17.13,67
644,4,6,4,4,2,1,1,2,3,1,2,1,3,1,39.42,44
645,1,1,3,4,2,4,1,1,3,1,4,2,3,1,41.65,72
646,1,6,1,1,1,3,2,1,3,2,3,2,3,3,18.35,50
647,1,5,3,3,3,4,2,1,3,2,4,2,3,1,15.95,65
649,4,6,3,3,3,4,1,1,1,1,2,3,1,4,7.3,46
653,1,6,1,2,2,4,2,1,3,2,4,3,3,1,22.83,77
654,1,6,4,4,3,2,1,1,4,1,2,1,4,4,15.85,33
655,1,6,3,3,2,3,2,1,1,2,4,2,1,2,45.43,68
660,1,4,3,4,1,4,1,1,3,1,3,2,3,4,13.68,56
661,4,6,2,4,1,3,1,1,3,1,1,2,3,3,18.67,29
665,1,2,4,2,1,2,1,1,3,1,4,1,3,2,27.23,82
666,2,6,4,3,4,1,2,6,3,2,4,3,3,4,6,80
667,4,6,1,1,1,3,2,2,2,2,4,1,2,1,16.22,65
670,1,6,3,3,2,3,1,8,4,1,4,2,4,2,15.5,72
672,4,4,3,3,3,4,2,5,3,2,2,2,3,4,22.62,37
673,1,6,4,4,4,4,1,1,3,1,2,2,3,1,17.98,46
676,2,2,2,4,4,4,1,1,1,1,2,2,1,2,6.3,37
677,4,6,4,4,4,4,2,2,3,2,2,2,3,4,6.63,40
680,4,6,3,4,2,3,1,1,3,1,3,3,3,4,11.75,55
685,1,2,3,3,3,3,1,1,4,1,4,2,4,4,18.6,71
688,1,5,2,3,3,3,1,1,1,1,4,2,1,2,12.92,68
690,4,6,3,4,4,4,1,1,4,1,2,2,4,4,5.95,37
691,4,6,3,2,2,1,2,1,3,2,2,2,3,4,13.6,45
694,4,5,1,4,1,999,2,999,3,2,2,3,3,4,14.97,45
695,2,6,2,3,2,2,2,5,3,2,1,1,3,1,17.45,21
696,2,6,1,2,1,3,2,1,3,2,1,2,3,1,11.42,24
698,2,2,2,2,3,2,1,6,3,1,1,1,3,3,11.12,19
699,4,6,4,4,3,2,2,1,2,2,4,3,2,4,11.62,67
700,4,3,1,1,3,2,1,2,2,1,2,1,2,3,17.25,47
706,4,6,4,4,4,2,1,5,4,1,2,3,4,1,10.42,40
708,1,1,3,4,2,2,1,1,4,1,4,2,4,4,21.15,73
709,4,6,3,3,2,4,1,1,2,1,2,2,2,4,9.47,39
712,4,6,1,1,1,2,1,1,2,1,2,1,2,4,8.05,38
713,4,6,1,3,4,2,2,1,2,2,1,2,2,4,55.32,24
714,1,5,3,2,2,4,1,6,2,1,3,2,2,1,15.55,60
719,2,3,2,3,2,1,2,5,3,2,1,2,3,2,14.6,28
720,1,6,3,4,2,2,2,2,3,2,3,2,3,1,28.77,58
722,1,6,1,3,1,3,1,3,4,1,4,3,4,4,15.33,81
723,4,6,3,3,1,4,2,1,4,2,3,2,4,3,15.75,56
725,1,2,1,3,3,4,2,1,1,2,4,3,1,4,46.35,82
727,1,6,2,2,1,2,2,1,1,2,4,1,1,3,11.68,79
728,2,6,3,4,3,2,2,1,2,2,2,3,2,2,10.5,40
729,1,2,1,2,2,4,2,6,4,2,3,2,4,4,9.22,50
730,4,4,4,4,4,3,1,1,2,1,2,1,2,4,12.08,40
731,2,6,3,3,3,4,1,1,1,1,4,2,1,3,20.33,70
732,1,4,2,4,2,4,1,1,2,1,2,2,2,4,15.05,37
734,2,6,4,4,1,2,1,3,3,1,1,2,3,2,8.95,27
735,2,4,2,3,3,1,1,5,1,1,1,1,1,4,26.82,20
738,4,4,3,3,2,3,2,2,2,2,3,2,2,1,22.5,60
740,1,6,4,4,4,2,1,1,3,1,3,2,3,2,7.33,63
741,4,6,2,4,3,3,1,1,3,1,3,1,3,1,15.83,58
745,1,5,1,2,3,2,1,1,3,1,1,1,3,4,7.35,28
750,4,5,1,4,1,4,1,1,3,1,3,2,3,4,17.77,60
752,4,4,3,3,2,2,2,1,1,2,4,3,1,2,21.77,78
753,1,1,3,4,3,4,2,1,3,2,2,3,3,4,7.27,48
754,4,6,1,1,3,1,1,1,2,1,2,1,2,4,11.47,40
755,1,5,2,2,3,4,1,1,3,1,1,1,3,4,11.42,28
758,2,5,3,4,4,4,2,1,3,2,2,2,3,1,9.98,41
759,1,1,3,2,2,4,1,1,1,1,4,2,1,4,30.85,71
762,2,2,1,3,2,4,1,6,2,1,2,1,2,3,30.43,35
765,2,5,2,3,1,4,2,1,1,2,3,2,1,1,32.2,54
766,2,5,1,2,1,2,2,1,3,2,,2,3,2,23.1,99
767,2,6,4,3,2,2,1,2,1,1,1,1,1,1,7.78,28
771,4,4,3,3,2,3,2,2,3,2,2,1,3,1,6.78,35
772,1,1,2,3,1,2,1,1,2,1,4,3,2,2,16.93,67
773,2,2,4,4,1,3,2,1,3,2,3,2,3,4,24.62,62
775,2,3,2,3,3,2,2,1,1,2,1,1,1,1,10.2,25
776,1,6,1,2,2,1,1,1,3,1,3,2,3,4,9.63,63
778,1,6,4,4,2,4,1,3,2,1,2,2,2,1,14.7,47
779,2,5,4,4,3,4,1,1,4,1,4,1,4,4,12.15,99
780,2,6,3,3,2,4,1,1,4,1,4,2,4,4,16.88,70
781,1,3,4,3,1,2,2,3,4,2,2,2,4,2,14.1,47
784,1,6,2,2,4,1,2,1,2,2,4,3,2,2,19.78,90
785,1,5,2,2,2,4,1,6,4,1,4,2,4,1,11.02,65
786,1,6,4,4,2,4,1,1,4,1,4,,4,4,32.08,80
789,2,6,3,3,2,2,2,5,3,2,3,2,3,2,12.32,55
790,4,6,4,4,1,2,1,1,4,1,3,2,4,1,14.82,60
791,6,4,3,2,2,2,1,1,2,2,4,2,2,2,17.55,74
793,1,6,1,4,2,2,2,1,3,2,3,2,3,4,34.38,64
797,1,6,2,2,1,4,2,1,2,2,3,1,2,4,21.98,99
800,4,5,4,4,3,2,1,2,3,1,2,1,3,4,20.07,48
801,4,3,3,2,1,2,1,5,4,1,2,2,4,1,5.25,43
802,4,6,2,4,3,3,1,1,2,1,4,2,2,1,12.48,68
803,2,6,1,4,2,2,2,1,1,2,3,3,1,2,9.97,50
804,2,6,3,3,1,4,1,1,3,1,1,1,3,1,9.23,29
806,4,6,1,4,2,3,2,1,2,2,2,2,2,1,11.83,46
807,4,3,1,4,2,3,2,1,4,2,2,2,4,3,16.18,44
808,1,2,3,4,2,4,1,1,4,1,3,3,4,3,11.2,54
809,2,6,3,4,4,4,1,1,4,1,3,2,4,2,9.23,55
810,1,5,4,4,4,4,2,2,1,2,3,3,1,3,14.92,61
811,2,6,3,4,3,2,2,1,4,2,3,1,4,4,8.57,61
818,1,5,1,2,3,4,1,3,3,1,4,2,3,4,13.88,68
821,2,4,3,3,3,3,1,1,2,1,2,2,2,1,20.1,48
823,1,5,4,3,2,3,1,1,4,1,4,2,4,2,14.08,66
824,1,5,3,3,3,4,1,1,3,1,2,2,3,3,8.83,38
825,4,6,3,3,3,3,2,3,3,2,2,2,3,4,15.92,49
827,2,6,1,2,1,3,1,1,3,1,2,1,3,4,7.98,99
830,4,3,2,3,3,4,999,1,4,1,4,1,4,4,13.27,69
831,4,6,1,3,4,3,1,5,4,1,1,1,4,4,9.68,19
835,1,6,3,4,3,3,2,1,2,2,2,3,2,4,32.05,44
837,1,1,3,2,2,4,1,1,3,1,4,1,3,4,10.58,66
840,4,6,4,4,4,2,1,1,2,1,2,2,2,1,11.6,45
841,2,5,3,3,2,2,2,1,1,2,4,2,1,2,17.08,77
842,4,6,4,4,4,1,2,1,3,2,2,3,3,1,27.62,43
844,1,6,4,4,4,4,1,3,4,1,1,1,4,1,7.58,99
846,4,6,3,1,1,2,1,5,3,1,1,1,3,1,22.18,28
852,4,4,4,4,2,4,1,1,4,1,1,2,4,3,12.57,24
853,1,5,2,2,1,3,1,1,2,2,4,2,2,2,9.48,65
854,1,3,1,3,1,4,2,1,3,2,4,3,3,3,12.68,74
858,1,6,1,3,3,3,2,5,1,2,1,2,1,1,11.95,26
859,2,5,4,3,1,3,2,6,4,2,2,1,4,4,8.15,31
862,4,5,1,4,1,3,2,5,2,2,2,1,2,4,18.12,30
865,4,5,4,4,4,1,2,1,3,2,2,2,3,1,13.52,38
866,1,6,3,4,2,3,1,1,1,1,3,2,1,3,13.9,55
867,4,2,2,1,2,2,2,3,4,2,2,2,4,2,6.98,30
871,1,6,4,4,2,2,1,1,3,1,3,3,3,1,15.08,56
873,4,2,3,4,3,4,1,1,3,1,3,1,3,4,9.82,50
875,1,6,4,4,4,2,2,1,4,2,1,1,4,4,6.2,28
877,4,6,1,2,1,2,1,1,2,1,4,3,2,2,10.9,65
880,1,6,1,2,2,2,1,1,3,1,4,2,3,2,12.72,66
882,1,6,1,3,2,4,1,1,2,1,3,2,2,1,20.63,62
883,2,6,4,4,4,3,1,1,4,1,3,2,4,2,17.58,54
884,4,6,1,3,1,3,2,1,3,2,2,2,3,1,13.8,36
886,1,1,1,2,2,4,2,6,4,2,2,1,4,4,6.05,32
887,2,5,1,2,3,3,1,1,2,1,3,1,2,1,23.97,60
888,1,1,1,2,1,2,1,1,3,1,4,2,3,1,13.12,77
890,8,1,4,4,3,4,1,1,1,1,3,2,1,2,11.08,64
891,1,6,2,3,3,2,2,1,1,2,4,3,1,4,22.28,70
894,4,3,2,2,1,2,2,3,3,2,4,3,3,1,18.65,68
896,2,4,1,4,2,2,2,2,2,2,2,2,2,1,9.47,36
897,1,6,1,2,1,4,1,1,3,1,,3,3,2,8.58,99
903,2,3,3,3,2,4,2,1,2,2,2,2,2,2,24.42,37
904,4,6,3,4,4,3,2,1,4,2,3,1,4,1,14.25,58
906,4,3,4,3,2,4,1,1,1,1,2,1,1,4,14.78,30
907,4,6,2,3,2,3,1,2,2,1,3,1,2,1,21.33,58
909,2,2,3,4,2,4,1,1,2,1,3,2,2,4,8.85,63
910,1,6,4,4,3,2,2,1,1,2,4,2,1,2,22.73,71
912,4,5,4,4,2,2,1,5,4,1,1,1,4,4,6.22,29
913,1,2,2,3,3,3,1,1,2,1,2,1,2,4,8.55,32
915,1,5,2,2,1,3,1,1,4,1,4,2,4,2,9.1,73
916,1,6,4,4,4,4,2,1,2,2,4,3,2,1,10.93,74
917,2,6,2,2,3,2,2,1,3,2,3,2,3,1,13.97,58
918,1,3,3,4,1,1,2,1,1,2,2,2,1,4,9.8,34
921,4,6,2,2,2,3,1,1,3,1,4,3,3,4,15.88,69
923,2,5,1,3,3,4,2,1,2,2,,3,2,2,12.7,99
926,1,3,3,3,2,4,1,1,3,1,3,1,3,3,9.17,50
929,1,6,3,3,3,3,1,3,3,1,3,3,3,2,7.93,51
930,1,6,2,2,2,2,2,1,3,2,3,1,3,1,12.48,62
931,2,6,4,3,2,2,2,3,3,2,1,1,3,2,12.75,21
933,2,6,3,2,1,2,1,1,3,1,2,3,3,1,12.33,44
934,2,2,4,3,3,4,1,6,3,1,4,2,3,3,11.53,71
935,1,6,3,4,3,4,1,1,3,1,3,2,3,2,19.98,54
936,8,6,1,1,1,4,1,1,3,1,4,3,3,4,26.15,71
937,1,4,2,2,2,3,1,1,3,1,4,2,3,2,20.12,71
938,1,4,3,3,2,3,2,3,3,2,4,1,3,1,26.52,65
939,2,6,3,4,3,4,1,6,3,1,1,3,3,4,11.35,27
940,1,6,3,4,4,4,1,1,3,1,1,2,3,1,10.57,25
941,1,5,3,4,2,3,2,3,3,2,1,1,3,1,10.15,20
942,1,4,3,3,2,4,2,1,3,2,4,2,3,4,13.77,65
943,1,6,4,4,1,2,2,1,3,2,2,2,3,1,12.68,34
944,1,6,3,4,1,2,2,1,3,2,3,2,3,2,16.42,53
945,1,6,1,3,3,2,1,1,3,1,4,2,3,1,20.62,77
947,1,6,3,3,3,3,2,1,3,2,3,3,3,1,12.27,59
948,1,6,1,1,1,4,2,1,3,2,3,3,3,3,28.22,59
949,2,2,3,4,3,4,1,1,3,1,4,2,3,2,20.5,71
950,1,6,2,3,3,2,2,1,1,2,2,1,1,1,10.58,42
956,2,3,4,4,3,4,1,1,3,1,3,,3,2,13.63,51
957,1,4,3,4,3,3,1,1,2,1,3,,2,2,11.75,60
958,4,6,1,4,1,2,1,2,1,1,3,,1,3,16.37,58
960,1,5,3,2,2,999,1,6,4,1,3,,4,1,15.38,57
961,2,6,4,4,4,3,1,2,4,1,3,,4,4,20.5,53
965,1,5,3,3,3,2,2,1,2,2,3,2,2,1,24.88,52
966,4,6,2,1,1,2,1,1,3,1,2,3,3,1,20.8,44
967,1,6,4,4,2,2,1,1,1,1,4,2,1,4,13.75,72
968,1,6,-1,4,4,3,1,1,3,1,4,2,3,3,12.58,73
972,8,6,3,3,2,4,1,1,2,1,4,,2,2,15.43,67
974,2,3,1,4,4,4,1,1,1,1,1,1,1,4,8.7,26
978,4,6,1,4,1,2,2,1,3,2,2,2,3,1,12.88,40
980,1,6,2,3,1,2,1,1,2,1,3,2,2,2,18.77,99
981,4,6,1,2,1,1,2,5,3,2,1,1,3,4,22.85,27
983,4,4,1,2,2,2,2,1,3,2,1,1,3,3,4.68,19
986,4,4,2,3,2,3,1,5,3,1,1,2,3,4,8.67,27
990,4,2,4,4,2,3,1,1,3,1,2,1,3,4,11.02,38
994,4,5,4,4,1,2,2,1,3,2,1,1,3,1,10.23,24
995,2,6,1,3,1,2,2,1,1,2,3,2,1,1,9.28,64
997,4,3,1,4,1,3,1,5,1,1,,1,1,2,9.55,99
998,4,1,4,4,2,4,1,5,2,1,3,2,2,2,10.92,63
1000,2,6,3,3,3,2,1,1,3,1,1,2,3,1,6.75,28
1002,2,5,3,3,3,2,2,2,3,2,3,2,3,1,21.67,51
1004,4,4,1,1,2,2,2,2,3,2,2,1,3,1,11.45,40
1005,4,6,1,2,2,4,2,1,1,2,2,1,1,2,13.72,37
1006,1,6,3,4,2,3,1,1,1,1,4,2,1,4,16.58,69
1008,1,3,4,4,4,4,1,1,2,1,2,2,2,3,8.57,38
1009,1,6,4,3,1,4,1,1,4,1,4,2,4,4,24.57,83
1012,4,6,3,4,3,2,2,1,4,2,3,3,4,4,14.57,57
1013,1,2,3,4,2,4,1,1,1,1,4,1,1,4,19.55,69
1015,1,6,4,4,1,4,2,1,4,2,3,2,4,4,9.4,50
1018,4,5,2,4,3,4,1,6,3,1,2,2,3,4,12.82,47
1021,1,3,3,3,3,4,2,1,1,2,1,,1,3,16.25,29
1024,2,6,1,4,4,2,2,2,1,2,1,1,1,1,12.58,26
1026,1,4,3,4,3,4,2,1,3,2,1,1,3,4,8.48,25
1027,2,2,3,3,2,4,1,3,4,1,3,2,4,2,12.8,50
1028,1,6,3,3,3,2,1,1,1,1,4,2,1,1,13.92,66
1029,2,6,1,2,1,4,1,6,3,1,4,2,3,1,17.43,70
1030,4,1,1,3,1,3,2,5,3,2,2,2,3,4,14.18,44
1031,2,6,3,3,3,4,2,1,3,2,2,2,3,4,8.85,37
1032,2,3,2,2,2,2,2,2,1,2,1,1,1,1,23.25,24
1033,4,6,1,1,1,3,1,2,3,1,2,2,3,1,13.53,42
1034,8,6,1,1,1,3,1,1,3,1,3,2,3,2,19.63,63
1035,4,4,2,2,1,2,2,1,2,2,2,2,2,4,17.82,46
1036,2,6,4,4,4,2,2,2,3,2,1,2,3,1,12.43,29
1040,2,2,1,3,1,2,2,3,3,2,3,2,3,2,13.92,52
1044,2,4,3,3,1,3,2,1,3,2,1,2,3,1,12.55,21
1048,2,6,1,4,1,2,2,1,3,2,1,3,3,3,9,25
1049,4,6,1,1,1,1,2,1,4,2,2,2,4,4,13.22,44
1050,4,5,3,3,3,2,2,7,3,2,2,3,3,1,8.35,35
1054,2,5,2,2,1,4,2,5,4,2,2,2,4,2,20.12,44
1060,4,5,1,1,1,2,2,1,1,2,2,1,1,1,6.72,40
1061,4,3,3,3,3,3,2,1,3,2,2,2,3,4,10.8,39
1064,1,6,3,3,2,2,1,1,2,1,4,2,2,1,13.28,68
1067,2,4,3,3,3,4,1,2,3,1,2,1,3,4,12.87,31
1069,1,3,3,4,2,4,1,6,1,1,2,2,1,4,13.53,36
1070,4,6,2,3,1,2,2,1,3,2,4,2,3,1,14.3,66
1071,1,6,1,3,2,4,2,2,2,2,3,1,2,1,23.57,51
1077,2,5,2,3,3,4,2,1,4,2,2,3,4,3,12.72,40
1082,4,4,1,2,1,3,2,5,4,2,2,1,4,3,16.3,33
1084,1,2,1,1,4,4,1,5,3,1,3,3,3,4,9.6,57
1086,2,4,1,1,1,4,2,3,3,2,1,2,3,4,11,29
1088,2,6,3,4,4,3,1,1,2,1,2,2,2,1,8.55,34
1093,4,5,2,4,2,3,2,1,3,2,1,2,3,1,7.83,27
1094,4,6,3,4,2,2,3,1,3,,1,1,3,4,12.73,28
1096,2,3,1,3,1,1,2,1,3,2,1,,3,,7.57,27
1098,4,6,3,4,2,2,1,3,3,1,3,2,3,2,14,63
1099,2,1,3,2,1,4,1,1,2,1,3,2,2,2,12.13,64
1102,4,6,2,4,4,3,2,1,3,2,2,3,3,1,9.05,38
1104,2,5,3,4,2,2,2,2,2,2,1,1,2,4,12.43,27
1105,2,4,3,3,3,3,2,1,4,2,4,2,4,2,17.33,67
1112,1,3,4,4,2,2,1,1,2,1,4,3,2,4,15.57,68
1115,4,4,2,4,2,4,1,2,3,1,2,2,3,1,12.98,48
1116,4,6,1,4,1,3,1,1,1,1,3,2,1,1,9.82,61
1118,1,6,1,2,1,3,1,1,2,1,3,2,2,4,16.13,64
1121,2,6,3,4,3,4,1,1,3,1,2,3,3,1,21.77,37
1123,1,2,4,4,3,4,2,1,2,2,3,2,2,4,12.08,50
1124,4,6,2,4,4,3,1,2,2,1,4,3,2,1,21.78,67
1126,2,6,3,3,1,3,2,1,2,2,2,2,2,1,10.73,45
1127,4,6,2,3,1,3,1,1,3,1,4,3,3,1,14.2,76
1129,2,3,2,3,3,4,1,6,3,1,1,1,3,3,8.72,26
1131,1,2,4,4,2,3,1,1,1,1,4,2,1,2,17.9,75
1132,2,6,3,4,1,3,2,2,3,2,1,1,3,4,8.05,28
1133,4,6,2,4,1,4,2,1,4,2,3,1,4,4,10.73,57
1138,2,6,1,3,1,3,2,1,3,2,4,2,3,1,19.32,70
1141,4,6,4,4,4,3,2,2,1,2,4,3,1,3,21.58,69
1142,2,6,1,3,1,4,2,3,4,2,3,3,4,2,7.22,58
1143,1,5,2,1,1,4,2,6,3,2,3,1,3,2,12.7,57
1145,2,4,3,3,3,3,1,1,1,1,2,2,1,4,16.95,37
1146,1,2,2,3,2,3,1,3,4,1,1,1,4,1,15.68,22
1147,2,5,1,2,2,2,2,1,3,2,2,2,3,4,8.45,41
1148,2,5,4,4,3,4,1,1,3,1,4,2,3,1,11.75,67
1151,4,5,3,4,2,4,1,1,1,1,3,2,1,2,11.45,60
1158,1,2,2,2,2,4,2,3,3,2,2,2,3,4,25.45,48
1159,2,3,1,3,1,4,1,1,4,1,2,1,4,3,11.18,46
1160,1,5,3,4,1,4,1,6,4,2,1,1,4,4,7.72,24
1161,4,5,1,1,1,3,2,3,4,2,2,2,4,2,13.5,39
1167,1,6,2,3,2,2,2,1,3,2,3,2,3,4,13.87,64
1168,2,4,4,4,4,4,1,1,3,1,2,2,3,4,19.3,47
1171,4,6,4,4,3,3,2,1,3,2,3,1,3,1,9.27,50
1179,2,3,4,4,1,4,1,6,3,1,1,1,3,3,11.1,27
1181,1,6,3,4,3,4,1,1,4,1,4,2,4,4,19.9,74
1182,4,6,2,3,1,3,2,5,4,2,2,1,4,1,18.53,32
1183,1,6,4,3,4,4,2,1,2,2,2,2,2,1,8.68,38
1185,2,5,2,4,3,3,2,5,3,2,2,1,3,3,10.05,32
1193,4,6,3,3,4,2,2,1,3,2,3,3,3,4,18.32,62
1195,1,2,1,4,1,4,2,5,1,2,2,1,1,4,7.4,33
1201,2,6,4,4,3,1,1,1,4,1,2,1,4,4,21.35,31
1209,4,2,3,2,2,3,2,3,4,2,1,1,4,2,6.42,21
1214,4,5,3,3,3,4,1,1,2,1,1,2,2,1,5.85,25
1215,2,6,4,4,3,2,2,1,3,2,3,3,3,4,14.9,59
1216,4,6,1,2,1,3,1,1,3,1,4,2,3,1,17.05,71
1217,2,2,2,1,2,1,2,5,4,2,2,1,4,2,11.35,33
1219,2,3,3,4,3,4,2,5,1,2,2,3,1,2,18,41
1220,4,4,2,3,3,4,1,5,4,1,1,1,4,2,5.5,22
1226,4,2,3,4,2,4,1,6,4,1,1,1,4,4,14.18,26
1227,2,6,4,4,4,4,2,1,3,2,2,1,3,3,11.6,30
1230,4,3,4,4,2,4,2,1,4,2,2,1,4,4,10.32,49
1233,2,6,1,4,3,3,2,3,4,2,2,2,4,2,14.65,42
1234,2,6,3,3,4,4,2,2,3,2,4,3,3,3,23.33,67
1235,2,6,3,4,2,2,1,1,3,1,1,1,3,1,7.73,26
1239,2,6,1,1,1,3,2,1,1,2,2,1,1,2,6.18,34
1241,1,1,1,3,1,4,2,1,3,2,4,3,3,2,8.35,66
1243,4,5,1,3,1,3,2,1,4,2,3,2,4,3,11.22,58
1244,4,5,4,4,4,3,1,1,2,1,1,2,2,1,9.48,28
1249,2,6,3,3,3,2,2,1,3,2,3,2,3,3,34.32,50
1251,4,5,3,3,3,4,1,1,4,1,3,3,4,3,61.63,60
1254,2,4,4,4,2,2,1,1,2,1,1,2,2,4,14.68,27
1255,1,6,3,4,2,2,1,1,1,1,2,1,1,4,6.6,38
1256,1,4,3,3,2,4,1,1,1,1,4,2,1,2,9.42,70
1257,1,2,3,3,1,4,2,6,1,2,2,2,1,1,8.12,38
1258,2,4,3,3,3,3,2,2,1,2,1,1,1,1,20.15,29
1260,4,5,2,3,2,4,1,1,3,1,2,2,3,3,8.77,45
1264,4,6,4,4,4,2,2,1,3,2,2,3,3,4,9.52,45
1274,2,5,4,4,2,4,2,1,3,2,2,2,3,4,11.38,40
1277,1,4,3,3,2,4,1,1,1,1,3,2,1,4,9.57,61
1281,2,2,4,4,2,4,2,1,4,2,2,2,4,3,13.55,35
1285,1,3,3,3,2,4,2,1,2,2,3,2,2,1,10.75,53
1288,2,1,1,4,2,1,3,1,1,1,4,3,1,4,4.75,90
1291,2,6,4,4,3,4,1,1,4,1,3,2,4,1,7.63,58
1293,4,6,3,3,3,2,2,1,3,2,2,2,3,4,19.07,37
1295,2,6,4,4,4,4,2,2,3,2,2,2,3,1,11.47,31
1299,1,6,1,3,2,4,2,1,2,2,3,2,2,1,15.67,56
1304,1,6,3,2,3,2,2,1,2,2,4,3,2,1,15.67,77
1306,2,6,2,3,3,2,2,5,3,2,1,1,3,3,11.47,29
1307,4,6,3,3,3,1,2,5,4,2,1,3,4,2,32.18,28
1308,1,4,3,4,4,4,1,5,3,1,2,1,3,4,7.27,33
1309,1,4,3,3,3,4,1,6,1,1,4,2,1,2,12.83,68
1317,2,3,3,3,3,3,1,999,3,1,3,1,3,4,10.73,55
1318,2,5,3,3,3,2,2,5,1,2,1,1,1,4,14.82,20
1321,2,5,2,2,2,4,2,6,4,2,2,2,4,4,8.83,41
1325,2,6,3,4,1,4,2,6,2,2,1,1,2,3,9.63,23
1327,4,6,2,2,2,2,2,1,3,2,4,3,3,1,22.05,83
1328,4,3,1,3,1,2,2,2,3,2,1,1,3,4,6.98,29
1329,2,6,3,4,2,4,2,1,3,2,3,2,3,1,11.3,62
1330,2,2,3,3,2,2,2,1,1,2,2,1,1,4,9.43,47
1331,4,6,3,3,2,3,2,3,3,2,1,1,3,4,15.42,24
1340,2,6,4,4,4,3,2,2,3,2,2,1,3,1,15.17,36
1342,1,2,2,3,1,4,2,1,4,2,4,1,4,1,28.88,65
1345,2,5,2,3,1,3,1,2,3,1,1,1,3,3,11.42,29
1347,2,4,3,4,2,3,999,5,2,1,2,2,2,4,8.03,36
1351,1,6,4,4,3,2,1,5,3,1,1,1,3,4,7.65,26
1355,1,6,1,2,1,4,2,1,1,2,4,3,1,4,7.95,92
1358,4,6,3,3,2,2,1,5,1,1,3,2,1,2,47.58,63
1359,2,6,2,4,2,4,1,5,4,1,1,1,4,4,6.52,27
1360,2,6,4,4,2,4,2,1,2,2,1,1,2,1,6.23,25
1362,2,6,4,4,4,4,2,1,2,2,4,1,2,1,11.88,66
1366,1,1,2,4,2,4,1,1,4,1,4,2,4,4,11.03,79
1367,2,3,2,3,2,4,2,3,3,2,3,2,3,1,14.63,58
1368,2,3,3,4,4,3,2,3,2,2,1,2,2,1,7.25,24
1374,2,6,1,4,4,2,1,2,3,1,1,1,3,4,8.02,28
1377,1,5,2,1,1,4,1,6,2,1,4,2,2,3,18.95,68
1379,2,6,3,4,3,1,2,1,3,2,1,1,3,2,18.22,28
1381,2,6,1,2,2,1,2,1,3,2,2,2,3,4,10.52,48
1382,2,6,3,4,4,3,2,1,1,2,2,1,1,2,5.73,34
1387,2,2,3,4,4,4,1,1,3,1,2,1,3,3,10.55,34
1390,2,4,1,4,2,3,1,1,4,1,1,2,4,4,7.47,28
1391,2,5,3,3,3,3,2,3,3,2,3,2,3,2,16.05,54
1395,2,5,2,3,2,2,2,2,4,2,1,1,4,3,15.67,20
1396,2,3,1,2,3,2,2,999,4,2,,,4,,10.15,99
1397,4,5,3,3,3,3,2,6,4,2,1,2,4,4,15.38,28
1400,4,6,3,3,2,1,1,1,1,1,1,1,1,4,20.13,21
1402,4,6,1,2,2,1,1,1,3,1,2,2,3,4,22.9,31
1403,2,2,1,3,2,3,1,2,1,1,4,1,1,4,17.73,65
1404,2,6,4,3,3,4,1,1,2,1,3,2,2,1,10.27,57
1405,4,6,2,1,2,2,2,2,3,2,2,1,3,1,8.75,31
1406,4,6,3,3,2,2,2,1,1,2,1,1,1,4,9.47,21
1407,4,6,4,4,3,2,2,1,2,2,4,3,2,1,17.13,69
1409,2,6,3,3,1,3,2,2,3,2,2,1,3,1,20.58,39
1411,1,5,4,4,2,4,2,1,1,2,4,2,1,1,11.52,74
1412,4,3,4,4,4,3,1,1,3,1,2,2,3,3,5.82,33
1415,4,2,1,4,1,4,2,2,3,1,2,1,3,1,16.2,42
1416,2,5,3,3,2,3,2,1,3,2,2,2,3,3,18.37,33
1417,1,6,2,2,2,4,1,3,1,1,4,2,1,3,33.4,83
1418,2,6,4,4,3,3,2,1,3,2,2,1,3,4,13.73,44
1419,4,6,1,3,2,2,1,1,4,1,3,1,4,3,35.23,57
1425,2,4,2,4,4,4,2,2,1,2,2,2,1,2,13.67,35
1428,2,3,1,3,2,3,1,5,1,1,1,1,1,4,5.87,18
1430,2,6,2,1,2,2,2,3,2,2,2,2,2,1,16.9,37
1431,4,5,1,4,2,1,1,1,4,1,1,1,4,4,7.85,29
1433,2,6,2,2,1,4,2,1,3,2,1,2,3,2,10.78,29
1434,1,6,4,3,3,4,1,1,2,1,3,1,2,2,14.07,64
1435,2,6,3,3,3,3,2,1,2,2,3,2,2,1,15.7,58
1438,4,3,2,3,4,2,2,1,3,2,3,1,3,1,18.35,54
1439,1,6,2,2,2,3,2,1,3,2,4,3,3,4,16.67,74
1441,1,6,3,3,2,2,2,1,3,2,4,2,3,2,18.38,71
1442,2,6,2,3,3,3,2,1,2,2,1,1,2,4,12.18,23
1445,1,5,4,4,3,3,1,1,3,1,3,3,3,1,11.72,54
1448,1,6,3,3,3,2,2,3,1,2,2,2,1,2,5.82,48
1449,1,6,3,3,3,2,2,1,2,2,2,1,2,4,26.35,42
1453,2,6,4,2,2,1,2,2,3,2,2,1,3,1,13.28,44
1454,2,4,3,4,3,3,2,1,2,2,2,2,2,4,10.3,37
1456,1,6,1,4,2,1,1,1,3,1,2,3,3,1,9,40
1458,4,5,4,4,4,2,1,1,1,1,1,1,1,1,4.48,24
1459,2,6,2,4,3,2,2,5,3,2,1,1,3,1,12.6,23
1469,2,6,1,4,2,3,2,5,3,2,2,2,3,1,11.68,41
1478,4,6,4,4,3,3,1,1,3,1,2,2,3,1,13.57,49
1481,1,3,3,3,4,4,1,1,2,1,2,2,2,1,8.53,37
1482,1,5,3,4,1,4,1,5,4,1,2,2,4,1,12.7,35
1483,2,6,2,2,2,4,1,1,4,1,4,2,4,3,16.15,80
1485,1,6,2,3,2,4,1,1,4,1,2,2,4,1,7.98,42
1488,1,4,3,2,1,4,2,3,4,2,4,3,4,4,13.97,80
1492,2,1,2,2,2,3,2,6,3,2,1,1,3,4,13.53,19
1493,1,4,1,3,1,4,1,6,3,1,3,2,3,3,30.18,53
1495,4,6,3,4,3,1,1,1,4,1,3,1,4,4,11.65,57
1497,4,4,1,1,1,2,1,3,1,1,2,3,1,2,17.32,46
1499,4,5,4,4,3,1,2,1,4,2,2,1,4,4,11,47
1500,2,5,3,4,2,4,2,1,3,2,2,1,3,4,6.57,45
1501,2,4,3,2,2,4,2,5,4,2,1,1,4,2,18.78,28
1502,2,5,1,3,3,4,2,3,3,2,1,1,3,2,26.95,28
1504,1,5,1,4,1,4,2,1,2,2,3,2,2,1,11.97,61
1505,4,5,1,1,2,1,2,1,3,2,2,1,3,4,9.85,43
1509,1,6,3,4,3,3,1,1,4,1,3,3,4,4,11.67,51
1512,4,6,2,2,1,2,2,2,3,2,3,1,3,1,18.52,58
1513,2,6,4,4,1,2,2,2,3,2,1,1,3,1,9.68,29
1515,4,5,3,3,2,2,2,1,2,2,4,2,2,2,22,68
1516,4,3,1,3,2,3,1,3,3,1,3,1,3,2,14.93,53
1517,4,5,3,3,2,3,2,1,1,2,3,2,1,2,10.53,63
1519,4,6,3,4,4,2,2,1,3,2,2,3,3,1,13.97,36
1522,2,4,3,3,3,1,2,1,2,2,2,1,2,1,14.52,46
1524,2,3,1,4,2,4,1,1,1,1,2,1,1,2,13.33,40
1525,2,3,2,3,1,3,2,5,1,2,2,1,1,1,10.85,39
1527,1,1,3,3,3,4,2,1,1,2,4,1,1,2,36.08,67
1528,4,6,1,4,3,2,1,1,3,1,3,3,3,1,12.4,64
1529,2,6,3,2,2,1,1,2,3,1,1,1,3,1,6.07,28
1532,2,2,4,4,4,3,1,1,3,1,1,1,3,1,6.72,23
1533,2,2,3,4,2,3,2,1,3,2,1,1,3,4,11.42,28
1534,4,4,2,4,2,3,2,1,2,2,2,1,2,4,9.95,34
1535,1,2,1,2,1,3,2,3,1,2,4,3,1,2,35.28,66
1538,2,2,3,2,2,4,999,6,4,1,4,2,4,1,17.28,74
1540,1,6,1,1,1,4,2,1,4,2,1,2,4,3,13.1,29
1543,4,6,2,4,2,4,1,6,4,1,2,1,4,2,21.87,39
1545,1,1,4,3,3,4,1,3,1,1,2,2,1,4,10.83,33
1547,1,1,1,2,2,2,1,6,4,1,1,1,4,4,4.03,23
1552,2,6,2,3,2,3,2,1,2,2,2,2,2,1,25.22,34
1554,2,6,4,4,4,3,2,3,3,2,1,1,3,1,7.33,27
1558,4,3,3,4,2,4,1,1,2,1,4,3,2,2,21.63,67
1566,2,5,3,3,2,2,1,1,4,1,1,2,4,3,31.95,28
1568,2,3,2,1,1,2,2,5,3,2,1,1,3,1,10.73,25
1570,2,1,1,1,1,1,2,5,4,2,2,2,4,4,7.37,34
1573,2,4,3,4,4,2,2,3,4,2,2,1,4,2,20.93,37
1575,2,6,3,3,3,2,1,1,2,1,3,2,2,2,20.78,64
1578,4,6,1,4,2,3,2,2,3,2,4,3,3,1,12.62,66
1580,2,6,1,3,1,2,1,1,1,1,3,2,1,2,14.57,57
1581,1,4,4,4,4,1,1,2,4,1,4,2,4,,31.93,87
1582,2,6,3,3,2,4,1,1,3,1,2,3,3,1,12.95,36
1583,1,1,2,3,2,4,1,6,1,1,3,2,1,1,9.42,61
1586,2,5,3,3,3,2,2,1,2,2,2,2,2,3,13.72,46
1592,1,2,3,4,3,4,2,1,4,2,4,1,4,1,9.23,76
1599,4,6,3,3,2,1,1,2,1,1,2,1,1,1,15.45,36
1602,4,5,3,3,2,3,1,1,4,1,3,2,4,3,16,62
1603,2,6,1,4,3,3,2,5,4,2,2,3,4,3,17.75,45
1604,1,6,2,2,2,3,1,1,3,1,2,2,3,1,16.45,46
1605,4,6,3,3,3,4,1,1,2,1,2,2,2,1,14.67,40
1608,2,3,4,3,3,2,1,6,4,1,2,2,4,1,11.22,36
1609,2,4,1,1,1,1,2,3,3,2,1,1,3,4,11.9,27
1611,4,3,4,4,4,2,2,1,1,2,1,1,1,1,10.62,27
1612,1,4,3,2,3,4,1,6,3,1,2,2,3,3,36.08,38
1613,2,1,4,4,2,2,2,6,3,2,3,2,3,4,20.88,52
1614,2,5,3,4,2,4,2,1,2,2,3,1,2,2,9.3,55
1616,4,5,2,4,3,4,1,2,3,1,3,3,3,1,14.15,59
1617,2,4,2,1,2,3,1,1,3,1,1,1,3,3,7.55,21
1622,2,1,2,3,1,4,1,1,2,1,4,2,2,4,13.3,73
1623,4,2,1,3,3,2,1,2,3,2,2,1,3,1,11.13,43
1626,2,6,3,3,1,2,2,2,1,2,2,1,1,2,10.17,42
1627,4,6,1,1,3,1,1,1,1,1,3,2,1,1,14,51
1633,2,3,1,4,1,4,2,1,3,2,4,2,3,3,16.85,69
1635,1,3,4,3,3,4,1,1,3,1,4,3,3,3,14.2,72
1636,4,5,4,4,1,3,1,1,1,1,2,2,1,4,9,33
1642,2,2,2,3,4,1,2,2,3,2,1,1,3,1,19.52,25
1643,2,3,2,4,1,4,2,1,3,2,2,1,3,4,7.38,35
1647,4,4,2,3,4,3,1,1,3,1,2,2,3,1,6.73,37
1649,1,6,4,4,4,4,1,2,3,1,4,1,3,1,12.3,70
1650,4,6,3,3,3,1,1,5,3,1,3,3,3,2,45.85,53
1653,2,6,3,4,3,2,1,1,3,1,2,1,3,3,12.4,32
1654,1,5,3,4,2,4,1,1,3,1,4,2,3,4,13.45,75
1655,4,5,2,3,1,4,2,3,4,2,1,1,4,1,9.18,21
1657,4,6,3,4,3,4,2,1,2,2,1,1,2,4,18.33,26
1658,4,3,2,3,1,3,999,10,3,2,2,2,3,1,17.7,34
1660,4,1,2,2,2,1,2,1,1,2,1,1,1,1,6.4,26
1666,1,6,4,4,4,4,1,1,4,1,4,2,4,3,9.15,65
1668,2,6,2,4,3,2,1,5,4,1,2,2,4,2,9.27,47
1669,4,6,2,3,2,2,2,1,3,2,4,3,3,3,17.05,66
1671,1,1,4,4,3,4,1,1,3,1,4,1,3,4,10.53,65
1675,2,6,4,4,2,4,1,1,3,1,2,1,3,4,10.48,33
1678,2,2,2,4,2,2,2,2,2,2,1,1,2,4,10.45,19
1680,2,3,1,3,2,3,1,1,3,1,1,1,3,1,6.88,19
1681,2,6,2,4,2,2,2,1,4,2,1,1,4,3,13.1,20
1683,1,6,4,4,2,3,2,2,3,2,3,1,3,3,19.55,60
1684,2,4,4,4,4,2,2,2,3,2,2,3,3,1,8,41
1685,4,6,1,1,1,2,2,1,3,2,3,2,3,4,9.88,61
1689,2,6,2,4,2,4,1,1,1,1,4,2,1,2,20.73,78
1690,4,6,3,2,3,2,1,1,2,1,3,3,2,1,14.45,57
1701,2,1,3,3,3,4,1,3,4,1,2,2,4,4,8.75,39
1703,4,6,1,4,2,3,2,1,4,2,1,2,4,3,8.23,29
1707,2,6,2,4,3,2,1,2,2,1,3,1,2,4,20.45,50
1709,2,5,4,4,4,2,2,2,3,2,1,1,3,1,6.22,22
1722,2,1,1,1,1,2,2,2,3,2,1,1,3,1,10.08,24
1730,4,5,4,3,3,4,1,2,3,1,2,2,3,1,7.78,44
1731,4,6,1,2,1,2,2,2,3,2,2,3,3,1,14.73,43
1734,4,6,4,3,3,2,2,1,3,2,2,2,3,3,24.83,44
1736,1,3,2,3,3,2,1,1,2,1,4,3,2,2,29.3,86
1740,2,5,2,3,2,2,2,1,1,2,3,2,1,4,10.7,64
1742,4,6,3,4,3,2,2,1,3,2,2,1,3,4,25.27,36
1744,4,6,1,1,3,2,1,2,3,1,3,3,3,1,12.68,53
1746,4,6,1,2,3,3,1,1,4,1,4,3,4,2,12.6,74
1748,2,6,4,4,3,4,1,1,3,1,4,3,3,3,8.8,68
1751,4,4,2,4,1,3,2,3,1,2,2,1,1,2,11.83,33
1755,2,5,4,4,4,3,2,2,2,2,2,1,2,1,9.97,31
1758,1,6,4,4,4,3,1,1,3,1,2,1,3,4,15.05,37
1760,1,6,3,4,3,4,1,3,3,1,3,2,3,4,19.65,60
1763,2,6,1,2,2,4,2,1,4,2,2,2,4,3,9.7,39
1765,2,4,3,3,2,4,1,1,2,1,2,2,2,2,11.65,47
1769,4,6,3,3,3,1,1,1,3,1,4,2,3,4,17.6,66
1776,4,4,1,1,2,1,999,999,2,1,1,2,2,4,11.42,28
1780,4,3,4,4,3,3,1,3,3,1,1,1,3,4,10.25,27
1781,2,5,1,3,1,2,1,1,3,1,4,2,3,2,23.28,69
1782,4,3,2,4,3,3,1,5,4,1,1,1,4,2,14.08,20
1784,2,6,2,4,3,2,2,1,4,2,1,1,4,4,12.43,21
1786,1,6,1,1,1,2,2,1,3,2,3,3,3,1,31.95,54
1787,4,6,4,4,3,4,1,1,4,1,3,2,4,3,15.75,62
1792,1,2,4,4,3,2,1,1,2,1,2,1,2,4,18.72,34
1794,1,6,4,4,4,4,2,1,1,2,2,1,1,2,12.32,42
1795,2,6,1,2,1,2,2,3,4,2,3,2,4,1,12.52,54
1796,2,6,1,1,1,2,2,1,4,2,4,2,4,1,18.4,65
1798,4,6,4,4,3,2,1,1,4,1,2,2,4,3,19.47,31
1802,2,4,1,4,1,2,2,3,4,2,2,1,4,1,9.5,48
1803,2,5,4,4,3,4,1,3,2,2,1,1,2,1,12.83,26
1807,2,5,3,4,4,4,2,9,1,2,1,2,1,3,10.13,28
1808,1,3,2,3,2,4,1,5,4,1,2,2,4,4,11.12,46
1809,1,2,2,3,3,4,1,1,3,1,1,1,3,1,6.5,22
1810,2,6,1,1,1,3,2,1,2,2,2,3,2,2,7.32,43
1812,4,5,2,4,2,4,2,3,3,2,2,1,3,4,12.12,37
1815,1,1,2,4,1,1,1,1,4,1,3,1,4,4,11.48,64
1818,4,6,1,1,1,2,2,1,3,2,4,2,3,1,11.8,66
1819,2,3,2,1,2,2,2,6,3,2,2,2,3,4,5.73,31
1820,1,6,3,3,1,4,1,1,4,1,4,2,4,1,8.37,75
1824,1,1,1,4,3,4,1,1,4,1,2,1,4,4,10.8,33
1826,2,1,1,3,3,4,2,1,4,2,3,2,4,3,9.93,55
1827,2,2,3,3,2,4,1,1,4,1,4,2,4,2,11.87,66
1829,2,6,3,4,4,3,2,3,4,2,1,1,4,1,7.98,27
1830,2,3,1,3,1,4,2,4,4,2,2,2,4,4,7.55,44
1832,2,6,2,3,2,4,2,1,1,2,3,3,1,1,18.3,53
1833,2,4,4,4,4,4,1,2,3,1,1,1,3,1,15.9,28
1835,1,3,1,3,3,3,1,1,4,1,1,1,4,3,9.35,29
1837,4,4,2,2,2,2,2,1,3,2,2,3,3,1,10.67,43
1838,4,6,1,2,2,1,2,2,3,2,3,1,3,1,19.17,64
1839,2,5,4,4,4,2,2,3,3,2,2,2,3,4,37.17,39
1840,2,6,3,3,2,3,1,3,4,1,3,2,4,4,17.33,58
1841,2,6,4,4,2,2,2,5,4,2,1,1,4,2,9.12,29
1842,2,6,1,2,2,3,2,1,3,2,2,1,3,1,24,35
1844,1,4,4,4,4,4,1,6,4,1,2,1,4,4,19.35,30
1847,1,3,4,4,2,3,2,1,3,2,4,2,3,1,16.38,79
1848,4,6,4,3,1,3,2,6,4,2,4,3,4,1,48.02,68
1851,4,5,3,4,3,3,2,1,1,2,2,1,1,1,10.6,41
1852,2,4,2,1,1,1,2,8,3,2,1,1,3,1,4.47,20
1853,4,6,1,3,1,2,1,1,2,1,2,2,2,4,19.43,39
1856,2,1,4,3,3,4,2,2,3,2,2,1,3,1,24.85,31
1857,4,6,4,4,4,4,1,1,4,1,2,2,4,4,11.2,44
1859,6,6,1,1,2,2,2,1,3,2,3,2,3,4,10.83,58
1861,2,6,3,4,2,2,1,5,3,1,3,2,3,1,9.2,63
1864,4,4,3,3,3,3,1,1,1,1,2,2,1,2,13.48,35
1865,4,6,1,1,1,2,2,3,3,2,1,2,3,2,9.82,29
1869,1,6,1,1,1,3,1,1,1,1,4,2,1,1,28.63,85
1871,2,6,4,4,4,3,1,1,4,1,2,2,4,4,7.9,49
1872,2,6,3,3,3,4,1,1,3,1,2,1,3,1,28.77,41
1874,4,6,2,3,2,3,2,2,2,2,3,1,2,3,15.97,62
1875,4,6,4,1,1,2,1,5,3,1,2,1,3,2,9.65,39
1876,4,6,1,2,1,4,2,1,4,2,4,2,4,1,12.35,69
1877,1,3,3,3,2,2,1,1,3,1,3,2,3,1,20.77,64
1878,1,6,2,4,2,3,1,1,4,1,3,2,4,1,14.38,59
1879,2,6,3,4,4,2,2,1,2,2,1,1,2,4,8.03,28
1882,4,1,3,4,3,4,2,1,2,2,2,2,2,4,6.95,37
1884,2,2,3,3,3,4,2,1,2,2,1,1,2,4,12.78,23
1885,4,4,3,4,1,3,1,3,4,1,2,2,4,2,16.02,39
1887,1,4,4,4,4,4,1,1,2,1,3,2,2,4,8.83,61
1888,2,2,2,2,2,4,2,1,3,2,2,2,3,4,8.27,48
1894,4,5,1,1,1,2,2,1,3,2,2,2,3,1,17.37,43
1895,4,6,3,3,3,2,2,1,2,2,4,3,2,1,13.05,74
1898,2,6,4,4,4,2,1,5,3,1,2,1,3,4,16.25,36
1900,4,6,1,2,2,3,1,1,2,1,3,2,2,4,18.9,55
1901,2,5,2,3,2,3,2,1,3,2,3,3,3,2,12.12,55
1905,1,6,3,3,2,2,1,3,1,1,4,1,1,1,16.23,74
1906,2,3,1,3,3,2,1,2,3,1,1,1,3,4,10.78,22
1907,1,2,4,4,2,3,2,2,4,2,3,2,4,4,19.72,64
1908,2,6,1,4,1,2,2,3,4,2,1,1,4,3,14.37,23
1909,4,4,1,3,1,2,1,2,3,1,2,1,3,1,11.17,47
1911,2,4,3,4,3,3,1,3,4,1,2,1,4,4,8.4,35
1914,2,3,2,3,2,2,999,3,4,2,1,1,4,4,11.15,28
1916,4,6,2,4,4,2,3,5,2,,2,1,2,3,12.37,30
1918,4,6,4,4,4,2,2,2,2,2,3,3,2,1,14.92,59
1922,2,5,3,3,3,2,2,3,3,2,1,1,3,4,8.13,27
1925,2,2,2,1,1,2,2,5,1,2,1,1,1,4,10.25,25
1926,1,6,1,2,1,4,1,6,1,1,2,1,1,2,14.18,49
1927,4,6,4,4,4,2,2,2,3,2,3,3,3,1,12.72,51
1928,4,5,1,2,1,4,2,2,1,2,1,1,1,2,16.87,29
1930,4,6,3,4,2,2,1,2,2,1,2,2,2,1,14.12,40
1934,1,6,1,2,2,2,2,1,4,2,4,2,4,2,23.15,75
1935,2,3,3,3,2,3,1,6,1,1,1,1,1,1,13.37,19
1940,1,3,4,4,3,3,1,1,1,1,4,3,1,1,29.83,74
1941,2,1,4,4,2,2,2,2,1,2,2,1,1,1,7.77,30
1942,1,6,3,4,4,4,1,6,4,1,2,2,4,1,8.78,45
1946,2,1,2,4,4,4,2,2,3,2,3,1,3,1,11.4,53
1953,4,3,4,4,4,2,1,2,3,1,2,1,3,3,13.95,43
1955,1,6,1,3,2,4,1,5,3,1,3,1,3,4,13.58,50
1956,2,3,2,4,4,4,1,1,1,1,2,1,1,1,9.5,38
1957,4,4,4,4,4,2,2,3,3,1,2,1,3,4,10.73,32
1963,2,2,4,4,4,1,2,2,1,2,2,1,1,1,10.52,48
1964,2,6,1,1,1,2,2,1,1,2,2,2,1,4,7.75,30
1968,1,6,2,2,1,3,2,1,1,2,4,2,1,2,24.42,70
1972,2,3,1,3,3,3,2,1,2,2,1,1,2,1,15.85,24
1973,2,6,1,1,1,1,2,5,1,2,3,1,1,1,17.97,54
1976,2,3,1,1,1,1,2,3,1,2,1,1,1,1,4.6,25
1977,1,6,3,3,3,3,1,1,2,1,4,2,2,1,29.48,71
1978,4,6,4,4,4,3,2,2,3,2,1,2,3,1,16.45,25
1979,1,6,3,3,3,999,1,2,1,1,4,2,1,3,9.9,74
1982,1,6,2,3,3,2,1,1,2,1,4,2,2,4,12.32,66
1983,2,6,4,4,4,3,2,1,3,2,3,2,3,1,15.95,54
1986,2,1,1,1,1,2,2,3,3,2,1,1,3,2,11.22,27
1990,2,6,3,4,4,1,1,1,2,1,4,1,2,1,23.67,68
1991,2,5,2,4,2,2,1,1,2,1,2,3,2,1,10.17,48
1996,2,6,2,2,1,3,2,3,1,2,1,1,1,4,7.62,28
1998,4,2,1,1,1,1,2,1,1,2,3,1,1,4,13.63,53
2001,2,5,2,3,4,2,2,2,3,2,1,1,3,1,8.25,27
2002,2,6,2,3,3,2,1,1,2,1,4,3,2,2,15.23,71
2011,1,6,3,4,3,4,2,1,3,2,4,2,3,1,14,86
2012,1,3,3,4,3,1,1,1,2,1,2,2,2,1,4.17,31
2015,1,4,4,4,3,3,1,3,3,1,1,1,3,4,8.05,29
2017,4,5,4,4,3,1,2,5,3,2,2,1,3,1,26.18,32
2019,4,6,2,4,4,2,1,3,4,1,2,2,4,4,12.6,35
2022,2,2,1,2,2,2,2,2,1,2,2,1,1,4,13.78,41
2024,2,6,4,4,1,1,2,2,2,2,2,1,2,1,15.7,40
2025,2,4,4,3,2,4,1,2,2,1,3,1,2,2,10.33,58
2032,4,6,4,4,3,3,2,1,2,2,2,2,2,1,11.98,47
2033,2,3,1,1,2,4,2,1,3,2,2,3,3,1,25.78,37
2037,1,6,4,3,4,1,2,3,4,2,2,1,4,4,10.25,30
2038,4,6,4,4,4,2,1,1,4,1,2,1,4,1,11.02,37
2039,2,6,2,4,2,1,1,6,4,1,2,2,4,4,9.65,44
2042,2,6,2,4,2,2,2,1,1,2,2,1,1,3,20.2,41
2049,2,4,4,2,2,4,2,1,4,2,3,2,4,1,17.68,53
2051,2,3,4,3,3,4,1,1,3,1,2,2,3,1,13.93,47
2053,4,3,3,2,1,4,1,9,3,1,4,2,3,2,12.08,66
2055,2,4,1,1,1,1,999,5,3,2,1,2,3,2,10.92,28
2056,1,3,2,3,2,4,1,6,2,1,1,2,2,4,6.23,26
2058,2,6,1,2,2,2,1,1,4,1,4,2,4,1,20.35,68
2060,2,5,3,4,3,4,2,1,2,2,3,2,2,2,19.15,56
2061,4,6,4,4,2,1,3,1,3,2,1,1,3,3,14.77,27
2062,2,6,1,3,1,4,2,1,3,2,1,1,3,1,11.12,24
2063,1,6,4,3,4,4,2,1,2,2,2,2,2,2,11.72,37
2064,2,6,1,4,2,3,2,2,2,2,1,1,2,3,11.3,25
2066,2,5,4,4,3,4,2,1,3,2,3,3,3,1,6.7,51
2067,1,5,4,4,3,4,2,1,4,2,2,2,4,2,11.98,36
2075,1,6,1,3,1,2,2,3,2,2,1,1,2,2,11.77,20
2078,4,5,1,1,1,1,2,5,1,2,3,1,1,2,22.5,57
2082,1,6,4,4,4,1,1,1,1,1,2,2,1,3,13.97,37
2084,2,4,1,1,1,2,1,2,3,1,1,1,3,4,8.75,20
2087,1,6,3,3,2,4,1,1,3,1,3,2,3,2,10.68,55
2088,1,6,1,2,2,2,1,1,1,1,4,2,1,1,12.72,74
2090,2,6,1,4,1,4,1,1,1,1,3,1,1,4,10.2,59
2091,2,6,3,4,2,3,1,1,1,1,1,2,1,1,8.97,23
2094,4,6,4,4,4,3,1,1,4,1,2,3,4,1,13.83,45
2095,1,6,1,4,4,4,1,1,3,1,3,1,3,1,8.65,50
2098,2,6,1,3,2,2,1,5,4,2,1,2,4,4,16.85,28
2099,4,5,1,3,1,3,2,2,3,2,3,1,3,1,28.48,51
2101,1,3,2,2,2,4,2,1,4,2,1,1,4,4,11.9,27
2103,1,6,3,4,2,2,1,1,3,1,2,3,3,1,20.7,46
2105,4,6,4,4,3,4,1,5,3,1,1,1,3,1,15.55,27
2106,4,6,1,1,1,3,2,2,3,2,2,1,3,1,21.08,36
2110,4,6,1,2,2,1,2,1,2,2,2,3,2,4,13.33,43
2113,2,6,2,3,1,4,2,3,4,2,3,2,4,1,17.25,64
2114,1,6,1,2,2,4,1,1,3,1,4,3,3,1,22.97,76
2117,2,6,3,4,1,2,2,1,4,2,3,2,4,1,9.27,63
2118,2,6,3,4,2,4,1,1,3,1,2,2,3,3,13.85,49
2119,4,6,3,3,3,3,2,999,4,2,2,2,4,1,8.73,44
2123,1,5,3,3,3,3,1,6,2,1,3,3,2,4,18.52,63
2139,2,5,1,1,1,3,2,2,2,2,2,1,2,4,8.67,33
2144,2,5,2,2,3,4,2,1,1,2,4,2,1,1,12.77,66
2145,4,3,1,3,1,1,2,1,3,2,3,3,3,1,21.45,60
2147,2,4,3,4,1,4,2,1,1,2,1,1,1,1,12.83,22
2155,4,5,2,2,1,1,1,1,3,1,3,3,3,4,10.15,64
2158,1,5,3,3,2,4,1,1,4,1,4,2,4,2,20.32,69
2166,2,4,1,3,1,3,2,1,2,2,3,1,2,4,14.57,52
2167,4,4,4,4,4,1,2,1,2,2,1,1,2,4,6.78,22
2171,4,6,4,3,4,2,2,1,1,2,3,2,1,1,17.02,61
2172,4,1,3,2,2,3,2,1,1,2,4,2,1,1,18.38,71
2174,1,6,3,3,3,2,1,1,2,1,3,2,2,4,18.52,60
2175,1,6,3,3,2,3,1,1,4,1,4,2,4,2,14.8,71
2176,2,6,2,2,3,3,1,1,3,1,4,2,3,3,12.65,68
2177,4,3,3,2,2,4,1,1,1,1,4,2,1,1,25.25,99
2179,2,5,2,2,1,4,2,3,4,2,2,3,4,4,7.95,32
2181,1,6,2,4,3,2,2,10,3,2,3,2,3,3,10.5,58
2183,1,4,3,3,3,3,1,2,4,1,4,1,4,1,33.92,70
2190,1,6,2,4,3,4,2,3,4,2,4,1,4,1,23.82,69
2200,4,5,4,4,3,3,1,1,4,1,2,2,4,4,10.65,32
2201,1,6,1,2,2,3,1,5,4,1,2,1,4,1,22.48,32
2207,1,4,4,3,1,4,2,1,4,2,2,2,4,1,8.68,36
2209,1,5,3,2,2,3,2,6,4,2,2,2,4,2,12.22,41
2210,2,2,1,1,1,4,1,2,4,1,2,2,4,1,21.02,40
2211,4,4,2,3,1,3,1,3,4,1,2,1,4,1,11.58,30
2213,4,5,4,4,4,2,2,2,2,2,4,3,2,1,23.6,67
2214,4,1,2,4,3,4,2,1,2,2,2,2,2,1,8.18,45
2215,1,3,4,4,2,4,999,6,4,1,2,1,4,4,11.53,34
2217,2,6,1,4,2,2,2,1,3,2,1,3,3,1,9.38,28
2218,1,6,2,3,1,4,2,1,3,2,4,3,3,1,12.03,65
2219,2,4,4,4,4,4,2,1,2,2,2,1,2,1,8.5,32
2225,4,5,3,3,3,2,1,5,2,1,2,2,2,4,32.47,40
